cpu  4232003 351921 6702657 254559583 519846 1828 215588 0 0 0
cpu0 1595013 127789 2759942 61446568 310224 1132 92124 0 0 0
cpu1 1348297 91900 1908179 63099166 110243 334 78861 0 0 0
cpu2 780526 73446 1142504 64682755 61240 222 32586 0 0 0
cpu3 508167 58786 892032 65331094 38139 140 12017 0 0 0
intr 182663754 0 0 0 0 0 0 0 0 0 0 0 0 0 0 0 0 0 0 0 0 23506963 0 0 0 0 0 0 0 0 0 0 0 0 0 0 0 0 0 0 13479102 0 0 0 0 0 0 0 108 0 0 0 0 0 0 0 0 0 178219 72133 5 0 1486834 0 0 0 8586048 0 0 0 0 0 0 0 0 0 0 2254 0 0 0 0 29 3 7501 38210 0 0 0 0 0 0 0 0 0 0 0 0 0 0 0 0 0 0 0 4610975 0 0 0 0 0 1 0 78471 0 0 0 0 0 0 0 0 0 0 0 0 0 0 305883 0 15420 0 3956500 0 0 0 0 0 0 0 0 0 0 0 0 0 0 0 0 0 0 0 0 0 0 0 8937474 0 943938 0 0 0 0 0 0 0 0 0 0 0 0 12923 0 0 0 34931 5 0 2922124 848989 0 0 0 0 0 0 0 0 0 0 0 0 0 0 0 0 0 0 0 0 0 12502497 0 0 3270275 0 0 0 0 0 0 0 0 0 0 0 1002881 0 0 0 0 0 0 17842 0 44011 0 0 0 0 0 0 0 0 0 0 0 0 0 0 0 1975390 0 0 0 0 0 0 0 0 0 0 0 0 4968 0 0 0 0 0 0 0 0 0 0 0 0 0 0 0 0 0 0 0 0 0 0 0 0 0 0 0 0 0 0 0 0 0 0 1340 2 762 0 0 0 50 42 0 27 82 0 0 0 0 14 28 0 0 0 0 14277 0 0 0 0 0 0 0 0 0 0 0 0 0 0 0 0 0 0 1974794 0 142 0 0 0 0 0 0 0 0 0 0 0 0 0 0 0 0 0 0 0 0 0 0 0 0 0 0 0 0 0 0 0 0 0 0 0 0 0 0 0 0 0 0 0 0 0 0 0 0 0 0 0 0 0 0 0 0 0 0 0 0 0 0 0 0 0 0 0 0 0 0 0 0 0 0 0 0 0 0 0 0 0 0 0 0 0 0 0 0 0 0 0 0 0 0 0 0 0 1 1 0 0 0 0 0 0 0 0 0 0 0 0 0 0 0 0 0 0 0 0 0 0 0 0 0 0 0 0 0 0 1 1 0 0 0 0 0 0 0 0 0 0 0 0 0 0 0 0 0 0 0 0 0 0 0 0 0 0 0 0 0 367 81
ctxt 473465697
btime 1533498667
processes 800170
procs_running 2
procs_blocked 0
softirq 71223290 12005 18257219 222294 2975533 4317 4317 7683319 19799901 40540 22223845
