cpu  10278859 1073916 12849197 97940412 70467 2636 323477 0 0 0
cpu0 573749 46423 332546 120133 32 79 5615 0 0 0
cpu1 489409 40445 325756 64094 0 59 5227 0 0 0
cpu2 385758 36997 257949 50488114 40123 39 4021 0 0 0
cpu3 343254 34729 227718 47025740 30205 20 2566 0 0 0
cpu4 3063160 288232 4291656 58418 27 940 146236 0 0 0
cpu5 2418517 277690 3105779 60431 48 751 67052 0 0 0
cpu6 1671400 189460 2302016 61521 23 402 49717 0 0 0
cpu7 1333612 159940 2005777 61961 9 346 43043 0 0 0
intr 607306752 0 0 113 0 109 0 0 26 0 0 4 0 0 0 0 0 0 0 0 0 67750564 0 0 0 0 0 0 0 0 0 0 0 0 0 0 0 0 0 0 51073258 0 0 0 0 0 0 0 160 0 0 0 0 0 0 0 0 0 51831 2 5 0 24598 0 0 0 15239501 0 0 0 0 0 0 0 0 0 0 1125885 0 0 0 0 5966 3216 120 2 0 0 5990 0 24741 0 37 0 0 0 0 0 0 0 0 0 0 0 0 15262980 0 0 0 0 0 0 0 0 0 0 0 0 0 0 0 0 0 0 0 0 0 0 0 42742 16829690 0 0 0 0 0 0 0 0 0 0 0 0 0 0 0 0 0 0 0 0 0 0 0 0 0 19844763 0 8873762 0 0 0 0 0 0 0 0 6 0 0 0 49937 0 0 0 2768306 5 0 3364052 3700518 0 0 0 0 0 0 0 0 0 0 0 0 0 0 0 0 0 0 0 0 0 41435584 0 0 3939101 0 0 0 0 0 0 0 0 0 0 0 1894201 0 0 0 0 0 0 864195 0 0 0 0 0 0 0 0 0 0 0 0 0 0 0 0 8961077 3996222 0 0 0 0 0 0 0 0 0 0 0 0 66386 0 0 0 0 0 0 87497 0 285431 0 0 0 0 0 0 0 0 0 0 0 0 0 0 0 0 0 3 0 0 0 0 0 0 0 0 0 0 0 0 0 0 0 0 0 0 0 0 0 0 0 0 0 0 0 0 0 0 0 0 0 0 0 0 0 0 0 0 11217187 0 6 0 0 0 0 0 0 0 0 0 0 0 0 0 0 0 0 0 0 0 0 0 0 0 0 0 0 0 0 0 0 3578 0 0 0 0 0 301 300 0 0 0 0 0 0 0 0 0 0 0 0 0 0 0 0 0 0 0 0 117 14 0 0 0 0 0 95 0 0 0 0 0 0 0 27 0 2394 0 0 0 0 62 0 0 0 0 0 857124 0 1 0 0 0 0 20 3990685 0 0 0 0 0 0 0 0 0 0 0 0 0 0 0 0 0 0 0 0 0 0 0 0 0 0 0 0 0 0 0 0 0 0 0 0 0 0 0 0 0 0 0 0 0 0 0 0 0 0 0 0 0 0 0 0 0 0 0 0 0 0 0 0 0 0 0 0 0 0 0 0 0 0 0 0 0 0 0 0 0 0 0 0 0 0 0 0 0 0 0 0 0 0 0 0 0 0 0 0 0 0 0 0 0 0 0 0 0 0 0 0 0 0 0 0 0 0 0 0 0 0 0 0 0 0 0 0 0 0 1 1 0 0 0 0 0 0 0 0 0 0 0 0 0 0 0 0 0 0 0 0 0 0 0 0 0 0 0 0 0 0 1 1 0 0 0 0 0 0 0 0 0 0 0 0 0 0 0 0 0 0 0 0 0 0 0 0 0 0 0 0 0 0 1 1 0 0 0 0 0 0 0 0 0 0 0 0 0 0 0 0 0 0 0 0 0 0 0 0 0 0 0 0 0 0 0 0 0 0 0 0 0 0 0 0 0 0 0 0 0 0 0 0 0 0 0 0 0 0 0 0 0 0 0 0 0 0 0 0 0 0 0 0 0 0 0 0 0 0 0 0 0 0 0 0 0 0 0 0 0 0 0 0 0 0 0 0 0 5021 481 4
ctxt 1589697753
btime 1528042653
processes 1400085
procs_running 5
procs_blocked 0
softirq 204699421 2536598 39636497 522981 4632002 29263706 104522 6736991 41332715 232221 79701188
